859633169529
56071026273179
90112491
32174
338
11794
62
185
430586936887568
416741533340
6
590682555263
634917222727
799
68463219915070010
50377299932
7040896624505
684679575
57
35230805634032
078
72381808
21659
6207260762450809
983836745
382712196
30506857724
7162440861892435
292374502929801
3685991845
498949668717
80370
680605369
2412566
4645559
04
518455696769123032
3417672919755
35436806488293016
8532526022763
06627629929
57504
577717378578110
96571360
54791011
7701949164953405028
913925625
53481035386719320
4241367977769
887138260
